Box_x Box_y Box_z Box_quat x Box_quat y Box_quat z Box_quat w Box_Rotx Box_Roty Box_Rotz Pin_x Pin_y Pin_z Pin_quat x Pin_quat y Pin_quat z Pin_quat w Pin_Rotx Pin_Roty Pin_Rotz
4.72486 5.31844 0.291327 -0.00251025 -0.00785787 0.037554 0.999263 -0.00560768 -0.015515 0.0751711 4.75208 6.84386 0.421807 0.00548733 -0.0352208 0.0403051 0.998553 0.00814011 -0.0707228 0.080394
4.72861 5.3207 0.281237 -0.00228652 -0.0103825 0.0377899 0.999232 -0.00535535 -0.0205747 0.0756563 4.74206 6.84682 0.422929 -0.00621189 -0.0376212 0.0390939 0.998509 -0.0153901 -0.074575 0.0788396
4.72797 5.31944 0.28446 -0.0130196 -0.00714796 0.046121 0.99883 -0.0266735 -0.013078 0.0924583 4.74711 6.84933 0.41564 -0.0159301 -0.033657 0.0638222 0.997267 -0.0361534 -0.0650504 0.128998
4.72512 5.31933 0.283833 -0.001882 -0.00897736 -0.00893013 0.999924 -0.0036041 -0.0179861 -0.0178294 4.74463 6.84506 0.437601 -0.00520853 -0.0354359 -0.0119105 0.999288 -0.00958959 -0.0708857 -0.0234959
4.72308 5.31881 0.280778 0.00349782 -0.00142465 -0.00931741 0.999958 0.00702161 -0.00278411 -0.0186452 4.74414 6.84633 0.434466 -0.0118139 -0.0378676 -0.0188392 0.999036 -0.0222439 -0.0760332 -0.036861
4.72272 5.31508 0.274981 -0.00620548 -0.0144829 -0.0265097 0.999534 -0.0116425 -0.0292771 -0.0528615 4.74191 6.84572 0.441902 -0.000792719 -0.0345759 0.00714704 0.999376 -0.002083 -0.069042 0.0143762
4.72877 5.32019 0.284392 -0.00308131 -0.00317807 -0.02532 0.999682 -0.00599992 -0.00651021 -0.0506258 4.74492 6.84917 0.44317 -0.0151286 -0.0345288 0.0617875 0.997377 -0.0345282 -0.0669566 0.124902
4.72573 5.32027 0.281257 -9.76786e-05 0.00272315 -0.0419518 0.999131 -0.000423889 0.00543318 -0.0839276 4.74805 6.84999 0.422177 -0.023326 -0.04165 0.0569525 0.997237 -0.0514549 -0.0803259 0.116172
4.72382 5.31644 0.273669 -0.0122193 -0.00499938 0.00772173 0.9999 -0.0245163 -0.00980909 0.0155648 4.74433 6.84996 0.441592 -0.0181727 -0.0499974 0.0592676 0.996828 -0.0423686 -0.0973683 0.120848
4.72865 5.31518 0.276301 -0.00450295 -0.009048 -0.0210055 0.999746 -0.00862511 -0.0182798 -0.0419353 4.74602 6.85063 0.423497 -0.0211252 -0.0372781 0.0718033 0.996502 -0.0475922 -0.0712006 0.145565
4.72573 5.31714 0.280533 0.00104725 -0.00063871 0.0118399 0.99995 0.00207871 -0.0013024 0.0236788 4.74652 6.84706 0.415213 -0.000360343 -0.0324418 0.038118 0.998751 -0.00319763 -0.0647284 0.0764026
4.72952 5.32217 0.282734 -0.0125332 -0.00481271 0.0182351 0.999765 -0.0252389 -0.00916623 0.0365909 4.74503 6.84578 0.423301 -0.00303476 -0.0420687 0.0260351 0.998775 -0.0082798 -0.083777 0.0524752
4.72962 5.31775 0.283155 -0.00629304 0.00200119 0.0171536 0.999854 -0.0125157 0.00421726 0.0342805 4.74608 6.84367 0.423209 -0.001706 -0.0430644 0.0115611 0.999008 -0.00441853 -0.0858979 0.0233417
4.72606 5.31943 0.281926 -0.0127882 0.000761532 0.0215001 0.999711 -0.0255379 0.00207215 0.0429791 4.74613 6.84374 0.415567 -0.0167928 -0.0460232 -0.0831726 0.995335 -0.0258888 -0.09427 -0.165502
4.72477 5.31888 0.278095 -0.00334105 -0.00108162 0.0233966 0.999746 -0.00673104 -0.00200668 0.0468021 4.74441 6.84023 0.428838 0.0200735 -0.0337798 -0.122156 0.991739 0.0481816 -0.0620565 -0.246599
4.72735 5.31612 0.282214 0.00360625 -0.00958278 0.00236467 0.999973 0.00716745 -0.0191812 0.00465997 4.74751 6.84015 0.424022 -0.00967976 -0.0399236 -0.041202 0.998312 -0.0160869 -0.0804226 -0.0818393
4.73247 5.32056 0.276002 -0.00966699 -0.0035798 0.00756901 0.999949 -0.0193878 -0.00701317 0.0152054 4.73925 6.84038 0.449964 0.00632539 -0.0469788 -0.0682447 0.996548 0.0191051 -0.0926364 -0.137627
4.72338 5.31805 0.283622 0.00399026 -0.0222417 -0.0225614 0.999523 0.00898798 -0.0442678 -0.045336 4.74124 6.84421 0.444105 -0.0138521 -0.0424518 0.0193567 0.998821 -0.0294205 -0.0841674 0.0400033
4.72703 5.3162 0.280976 -0.00271284 -0.0167403 -0.0225141 0.999637 -0.00467269 -0.0335847 -0.0449581 4.73735 6.84622 0.440845 -0.0110063 -0.0512136 0.0733007 0.99594 -0.0295817 -0.100229 0.148428
4.7249 5.32138 0.279305 -0.0120913 0.00526745 0.02561 0.99962 -0.0239058 0.0111494 0.0510932 4.73704 6.84239 0.458329 0.000514816 -0.0426574 0.0189791 0.998917 -0.000590061 -0.0851382 0.0380266
4.72296 5.31948 0.284494 0.00654449 -0.00476294 0.034891 0.999395 0.012748 -0.00997711 0.0697296 4.73841 6.84639 0.462422 -0.00312091 -0.0430986 0.0256462 0.998744 -0.00847315 -0.0858227 0.0517163
4.72602 5.31598 0.282912 -0.00483572 0.00422894 0.0349634 0.999407 -0.00937005 0.00879027 0.0698969 4.74518 6.84647 0.434436 -0.0255284 -0.0415359 0.056629 0.997212 -0.0558219 -0.0798632 0.115695
4.72693 5.31965 0.282577 0.000906379 0.00443769 0.0414722 0.999169 0.00217867 0.00879209 0.0829747 4.74192 6.84581 0.429186 -0.0167194 -0.0395332 0.0566823 0.997478 -0.0379534 -0.0768946 0.114999
4.72944 5.31749 0.285215 -0.00108895 -0.0141646 0.0794567 0.996776 -0.00442364 -0.0280614 0.15915 4.74577 6.84729 0.427001 -0.0181192 -0.0374716 0.0600345 0.997339 -0.040755 -0.0725036 0.121732
4.72753 5.31926 0.282518 0.000308198 -0.0155882 0.0792608 0.996772 -0.00185792 -0.0311197 0.158726 4.7453 6.84662 0.424406 -0.0250062 -0.0443083 0.0853452 0.995063 -0.0575575 -0.0838119 0.173543
4.72535 5.31855 0.28614 -0.00135256 -0.00860278 0.103272 0.994657 -0.00446825 -0.0168337 0.206943 4.74571 6.84606 0.432698 -0.0189256 -0.0343077 0.0322843 0.998723 -0.0401149 -0.0672541 0.0659874
4.72631 5.3187 0.285129 -0.0120979 0.000731843 0.111554 0.993728 -0.0238809 0.00415322 0.223524 4.74187 6.84625 0.43802 -0.0150413 -0.0398232 0.0366599 0.998434 -0.0330583 -0.0783377 0.0747075
4.72846 5.3201 0.283307 0.00394662 0.00475757 0.094144 0.995585 0.00875315 0.00872958 0.188594 4.74624 6.84823 0.446096 -0.0239141 -0.0493379 0.04717 0.997396 -0.0526196 -0.0960136 0.0970614
4.72862 5.31827 0.284527 0.00566996 0.00138273 0.0995915 0.995056 0.0115579 0.0016221 0.199511 4.7436 6.8488 0.447627 -0.0211229 -0.0418321 0.0724928 0.996283 -0.0483218 -0.0802031 0.147221
4.72586 5.31986 0.288724 -0.000264976 -0.00335973 0.0836479 0.996537 -0.00109041 -0.0066521 0.167482 4.74096 6.8485 0.448953 -0.0178927 -0.038052 0.0719245 0.99654 -0.0412511 -0.0731999 0.14562
4.72671 5.31619 0.279495 0.00116389 -0.0107526 0.10457 0.994508 6.59269e-05 -0.021629 0.209516 4.74517 6.84731 0.447778 -0.0254322 -0.0322594 0.129452 0.990751 -0.0588687 -0.0573047 0.261544
4.72486 5.3176 0.277031 -0.00913223 0.00210555 0.109915 0.993949 -0.0176904 0.00619261 0.220208 4.74125 6.84729 0.435659 -0.0165649 -0.047955 0.116216 0.991944 -0.0442006 -0.0911592 0.235285
4.72398 5.32054 0.275285 -0.00947582 -0.00946606 0.0640798 0.997907 -0.0201271 -0.0176774 0.128424 4.7421 6.84842 0.438387 -0.0218547 -0.0430729 0.0991091 0.993921 -0.0521702 -0.0812 0.200905
4.72768 5.31838 0.282278 -0.00430802 -0.00434385 0.030317 0.999575 -0.00887524 -0.00842302 0.060674 4.74205 6.84745 0.43374 -0.0177486 -0.0317754 0.127001 0.991252 -0.043338 -0.0584523 0.256128
4.72819 5.31763 0.28968 0.00679879 -0.0199213 0.0365549 0.999165 0.012138 -0.0402957 0.0728886 4.74005 6.8508 0.443143 -0.0228671 -0.0392933 0.176015 0.983355 -0.0589727 -0.0691726 0.356281
4.72958 5.31939 0.290101 -0.00371308 -0.021247 0.0439348 0.998858 -0.00929185 -0.0421068 0.0881023 4.73958 6.85123 0.451519 -0.0368791 -0.0397653 0.169459 0.984063 -0.0863441 -0.065716 0.343907
4.72808 5.31821 0.279633 -0.00662519 -0.0170585 0.0608673 0.998035 -0.015308 -0.0332374 0.12207 4.73741 6.84995 0.449159 -0.0214498 -0.024742 0.174001 0.98422 -0.0508898 -0.041226 0.351016
