Box_xDev Box_yDev Box_zDev Box_RotxDev Box_RotyDev Box_RotzDev Pin_xDev Pin_yDev Pin_zDev Pin_RotxDev Pin_RotyDev Pin_RotzDev
4.79116 5.2613 0.249666 -0.0114018 -0.0199383 0.0108561 4.77199 6.78491 0.386466 0.00340717 0.000224698 0.000943734
4.78878 5.26589 0.205424 -0.0084332 -0.0259453 0.0100026 4.76445 6.78889 0.412815 4.66891e-05 0.00105027 -0.000440521
4.80194 5.25521 0.251866 -0.00995989 -0.0179231 0.0130488 4.78173 6.77616 0.40057 0.000413396 -0.00111382 0.00169372
4.79705 5.25428 0.208445 -0.000233981 -0.0160781 0.012629 4.76664 6.78716 0.433168 -0.00339882 0.000343796 -0.000773458
4.79113 5.26487 0.219909 -0.00750896 -0.021733 0.0108409 4.79205 6.76815 0.407694 -0.00135453 -0.0020812 0.00260282
4.76822 5.28722 0.229729 -0.00531626 -0.0172191 0.00681237 4.79585 6.76778 0.424825 -0.00351075 -0.00158432 0.00275663
4.78251 5.2731 0.213244 -0.00296548 -0.0181947 0.0091627 4.79774 6.7646 0.396189 0.0020264 0.000391033 0.00270349
4.77671 5.27739 0.22313 -0.00770482 -0.0214872 0.00785137 4.78375 6.77335 0.40939 -0.00147126 -0.00191572 0.000538707
4.76392 5.29141 0.17922 0.00417676 -0.0176053 0.00585575 4.77857 6.77756 0.396535 0.00191061 0.000316028 -0.000338569
4.75443 5.30011 0.194317 -0.0015421 -0.0208538 0.0037402 4.79115 6.76986 0.389592 0.00275633 -4.51393e-05 0.00132644
4.77264 5.2814 0.193085 -0.00162071 -0.0212967 0.00699127 4.78817 6.77021 0.421123 -0.00148218 0.000564136 0.000785258
4.76288 5.29101 0.185275 0.00230262 -0.0185992 0.00571609 4.78735 6.76765 0.429597 -0.00225451 0.00121688 0.00095946
4.78499 5.27199 0.205182 0.000575603 -0.0161307 0.00957074 4.78692 6.77209 0.418698 0.000355502 0.00269739 3.27359e-05
4.81793 5.23905 0.233459 -0.00234172 -0.0132422 0.0162084 4.79849 6.7634 0.388764 0.00184843 -0.00142092 0.00104512
4.85499 5.20678 0.258453 -0.0082857 -0.0146472 0.0232882 4.78235 6.77294 0.394177 0.00153863 -0.000764158 -0.00125192
4.88261 5.18422 0.262543 -0.00364597 -0.00867688 0.0283184 4.80195 6.75841 0.410105 -0.000329092 -8.1446e-05 0.00108462
4.88981 5.17511 0.245669 -0.000786074 -0.0089119 0.030103 4.79597 6.76409 0.433761 -0.00448387 -0.00110878 -5.06728e-05
4.9055 5.16153 0.280447 -0.0023792 -0.00321701 0.0332805 4.81263 6.75396 0.380654 0.00505362 0.00143499 0.00252498
4.89904 5.17617 0.217811 0.00571672 -0.00748733 0.031251 4.79953 6.7625 0.412189 -0.0010231 -0.000698086 3.27423e-05
4.88191 5.18662 0.243561 -0.00247902 -0.0112004 0.0280078 4.79327 6.76429 0.391516 0.00303881 0.000940967 -0.000867925
4.88118 5.18371 0.245169 -0.00706889 -0.0160033 0.0278245 4.8161 6.7511 0.370834 0.00462715 -0.00122005 0.00234684
4.87826 5.18515 0.240623 -0.00726623 -0.0171712 0.0274132 4.82214 6.7431 0.440853 0.00101164 0.00842614 0.00366543
4.88304 5.18566 0.22083 -0.00624249 -0.0201669 0.0278478 4.80503 6.75604 0.39946 0.000231099 -0.00154857 0.000219562
4.89399 5.17556 0.232056 -0.00473757 -0.0160061 0.0298879 4.82123 6.7479 0.410051 -0.00113193 -0.00136252 0.00189751
4.89036 5.17651 0.249509 -0.00483956 -0.0123183 0.0297475 4.82573 6.74288 0.413284 -0.000961639 -0.000378471 0.00234451
4.86741 5.19723 0.219623 0.000147345 -0.0130301 0.0252784 4.80937 6.74939 0.441455 -0.00338421 0.00213732 -0.000241997
4.84747 5.21518 0.229661 0.000627172 -0.0103778 0.0217838 4.8314 6.74061 0.429948 -0.00248408 0.00103585 0.00237886
4.84357 5.21924 0.210815 0.00207233 -0.0127393 0.0210681 4.80342 6.75597 0.39045 0.00430388 0.00249504 -0.00121982
4.81868 5.23807 0.202978 -0.000982692 -0.0177957 0.0165348 4.83162 6.73729 0.416265 0.000758301 0.00278768 0.00259756
4.8406 5.22286 0.197071 0.00106626 -0.016741 0.0199918 4.83491 6.73549 0.411563 -0.00216138 -0.00242919 0.00239888
4.85419 5.212 0.199402 -0.00443295 -0.0224881 0.0222234 4.83186 6.7355 0.428918 -0.00433009 -0.00186406 0.00159192
4.84967 5.21481 0.219915 -0.00765716 -0.0217456 0.021706 4.8154 6.74686 0.426581 0.000711625 0.004884 -0.000547421
4.86277 5.20697 0.156336 0.00321594 -0.0230094 0.0239678 4.81352 6.74532 0.415175 0.00034009 0.00195301 -0.00109871
4.83186 5.23211 0.192529 0.00154144 -0.0172166 0.0181318 4.84289 6.72504 0.421749 -0.00314616 -0.00169062 0.0027397
4.84288 5.22023 0.17645 0.00719486 -0.014306 0.0209277 4.83755 6.72875 0.393882 0.00198671 -0.000264876 0.00185588
4.83827 5.22249 0.248551 -8.1336e-05 -0.0073437 0.0198813 4.82693 6.73802 0.400497 -0.000379776 -0.00227158 -0.000574154
4.82026 5.23465 0.24317 -0.007188 -0.0164264 0.0169777 4.83307 6.73438 0.387786 0.00420388 0.0016647 0.000731884
4.82291 5.23559 0.228712 0.00306074 -0.00793376 0.0172447 4.83049 6.73165 0.393103 -0.000506808 -0.00403352 0.000170548
4.78929 5.26284 0.30762 -0.00437368 0.000336457 0.0115879 4.83027 6.72875 0.427858 -0.00085739 0.00288404 7.92209e-05
4.7757 5.27219 0.342858 -0.00869636 0.00311823 0.00913482 4.82388 6.73727 0.401934 -0.000820312 -0.00250428 -0.00146689
4.74614 5.29545 0.331922 -0.00933186 0.000157277 0.00390475 4.85242 6.7187 0.431783 -0.00170323 0.00241553 0.002272
4.7356 5.30389 0.329838 -0.00882595 0.000323747 0.00198106 4.85758 6.71176 0.412668 -0.000602789 -1.85147e-05 0.00311639
4.76454 5.2794 0.345843 -0.0147238 -0.00292774 0.00685724 4.85059 6.71664 0.382427 0.0031937 -0.00084484 0.00198784
4.78356 5.26563 0.278604 -0.00418362 -0.00525939 0.0106495 4.84505 6.71968 0.412825 -0.00210994 -0.00202115 0.000920086
4.78193 5.27177 0.254521 -0.00292223 -0.00883629 0.0099381 4.84337 6.71945 0.389021 0.000283455 -0.00366084 0.000323254
4.77896 5.27192 0.245239 -0.00262079 -0.010573 0.00986283 4.85202 6.71183 0.401368 0.000438817 -0.000786573 0.00150424
4.77607 5.27414 0.220463 -0.00382374 -0.0170597 0.00850964 4.85344 6.71745 0.386051 0.00231466 -0.00147585 0.00126213
4.79402 5.26207 0.189629 0.00297749 -0.0159719 0.01215 4.87149 6.70102 0.426974 -0.00215103 0.000798616 0.00365333
4.77189 5.28073 0.222968 -0.000666729 -0.0131525 0.00780575 4.86461 6.70887 0.397727 0.00113283 -0.000644807 0.00229001
4.77108 5.27711 0.225792 -0.00372506 -0.015959 0.0077334 4.86587 6.7079 0.425867 -0.00415472 -0.00227285 0.00190724
4.77439 5.27814 0.170639 0.00427821 -0.0186044 0.00790169 4.85533 6.71132 0.393952 0.00277035 0.000998832 0.000200315
4.74944 5.30374 0.142899 0.00817711 -0.0200742 0.0033985 4.85558 6.71245 0.415771 -0.000843443 0.000284772 -5.33699e-05
4.739 5.30915 0.189577 -0.00211517 -0.0218595 0.00112371 4.84694 6.7173 0.407297 0.000637774 0.000743102 -0.00157914
4.75734 5.2956 0.180536 -0.00475124 -0.0267123 0.00431573 4.85388 6.7111 0.396702 0.000430037 -0.0018929 -0.000570474
4.73574 5.31136 0.204004 -0.00798948 -0.0253895 0.000565077 4.84202 6.71881 0.394814 0.00244524 0.000589263 -0.00252644
4.74041 5.30887 0.202776 -0.00930813 -0.0271305 0.00125257 4.867 6.70209 0.395863 0.00558265 0.00539629 0.00139515
4.74179 5.30547 0.208025 -0.00887302 -0.0255081 0.00163366 4.8962 6.68171 0.443136 -0.00636335 -0.00192443 0.00476244
4.75425 5.29299 0.228628 -0.0110415 -0.0236539 0.00453223 4.87034 6.70467 0.416723 -0.00210878 -0.00130075 0.000294534
4.73844 5.30577 0.24284 -1.57218e-07 -0.00833792 0.00219798 4.86867 6.70451 0.401473 0.00192389 0.00126655 -0.000325539
4.74051 5.30825 0.221309 0.00135125 -0.0114339 0.00177312 4.87847 6.69575 0.393164 0.0027287 0.000699863 0.00119231
4.71179 5.33676 0.217058 -0.000794722 -0.0147772 -0.00367397 4.88053 6.69522 0.376815 0.000935531 -0.00532534 0.00133868
4.69311 5.34877 0.226474 -0.00485417 -0.0173963 -0.00721348 4.88115 6.69725 0.412493 0.00017155 0.0011073 0.000886355
4.70174 5.3427 0.232829 -0.00290894 -0.0137615 -0.00557803 4.87906 6.69569 0.387493 0.00351389 0.000629019 0.000660363
4.72012 5.32 0.264519 -0.00418646 -0.00842007 -0.00132827 4.91657 6.67107 0.411492 -0.00194278 -0.00215491 0.00561861
4.76902 5.27925 0.311302 -0.0203375 -0.0167432 0.00744185 4.88327 6.69099 0.429839 -0.00313093 6.71521e-05 0.000924452
4.81557 5.23765 0.290832 -0.0204001 -0.0211941 0.0155953 4.89012 6.68838 0.406661 0.00137686 0.00156589 0.00111012
4.80914 5.24282 0.275534 -0.0183745 -0.0221338 0.0146121 4.88897 6.68358 0.413751 0.00149328 0.00334261 0.00165153
4.78324 5.2717 0.207198 -0.00648269 -0.0233254 0.00928064 4.86289 6.70155 0.390785 0.00156159 -0.00152972 -0.00280558
4.76779 5.28127 0.216413 -0.00767604 -0.0225141 0.00643044 4.89367 6.68335 0.399056 0.00183211 0.000718906 0.00111226
4.76731 5.28642 0.182922 0.00459192 -0.0157079 0.00645955 4.88882 6.68273 0.415544 -0.00190245 -0.00131194 0.000524032
4.79883 5.26064 0.155239 0.0103893 -0.0149954 0.012864 4.89914 6.67891 0.391294 0.0020586 -0.000641178 0.00148847
4.80951 5.24848 0.16021 0.00576414 -0.0191519 0.0144056 4.87576 6.69062 0.426137 -0.00402651 -0.00201988 -0.00229323
4.79873 5.25933 0.149896 0.0103411 -0.0162511 0.0123808 4.89821 6.68007 0.392945 0.00114012 -0.00161139 0.000699039
4.77956 5.27512 0.181795 0.00201859 -0.0189423 0.00878316 4.91008 6.6692 0.415994 0.00181108 0.00422921 0.00291575
4.79174 5.26123 0.200806 0.000810351 -0.0162811 0.0116658 4.89204 6.68493 0.394175 0.00340731 0.00183685 -0.00061275
4.8065 5.24865 0.218244 0.00619848 -0.00642217 0.0148725 4.91344 6.66685 0.403465 0.000366401 -0.000577204 0.00256239
4.7911 5.26099 0.236454 -0.000568045 -0.0102359 0.011602 4.89672 6.6758 0.41599 -0.000895888 0.000336617 -2.02112e-05
4.78822 5.265 0.284556 -0.00476965 -0.00488831 0.0112526 4.89538 6.67428 0.448366 -0.00343556 0.00347097 -3.14721e-05
4.79939 5.25221 0.286915 -0.0122164 -0.0127786 0.0134063 4.9185 6.66382 0.436088 -0.00195898 0.00305368 0.00268543
4.79135 5.25756 0.296473 -0.0107807 -0.00912036 0.0118054 4.9153 6.66651 0.416213 -0.00137361 -0.000236306 0.00154228
4.79111 5.25433 0.301084 -0.0148538 -0.012791 0.0120525 4.91508 6.66944 0.349431 0.00562799 -0.00425129 0.00173502
4.76191 5.28476 0.268509 -0.00321411 -0.00664664 0.00649266 4.92113 6.66136 0.405798 -0.000355743 -0.00106787 0.00220466
4.79002 5.26153 0.245195 -2.06577e-05 -0.00793144 0.0115763 4.92884 6.65561 0.417828 -0.00251261 -0.00154917 0.00303968
4.77165 5.2801 0.281425 -0.0112484 -0.012976 0.00779204 4.92695 6.65864 0.402185 -0.000483294 -0.00203121 0.00276352
4.80401 5.24982 0.262877 -0.00752305 -0.0126622 0.0137413 4.90313 6.67501 0.380705 0.00211677 -0.00275927 -0.00120111
4.7956 5.26122 0.235963 -0.00253449 -0.0127179 0.0117742 4.92184 6.6591 0.412292 -0.00133607 -0.00118113 0.00143591
4.80754 5.24703 0.255576 -0.00676135 -0.0134464 0.0146795 4.92072 6.66152 0.40545 0.000855033 0.000592206 0.00107898
4.82662 5.23181 0.249772 -0.00308243 -0.0105988 0.0178252 4.92025 6.66051 0.407919 -0.000290915 -0.000509091 0.000480736
4.84627 5.2117 0.228136 -0.00213366 -0.0139682 0.022021 4.93405 6.6529 0.409998 -0.000196949 3.80985e-05 0.00239844
4.84032 5.21696 0.264173 -0.00615875 -0.0108927 0.0208279 4.92513 6.65775 0.402436 0.00202541 0.00168442 0.001153
4.83084 5.22846 0.246808 -0.00473403 -0.0129768 0.0191651 4.93071 6.65411 0.406662 0.000286918 3.57069e-05 0.00135969
4.83336 5.22539 0.24583 -0.0043658 -0.0127818 0.0192207 4.90795 6.66726 0.400956 0.00196555 0.00136442 -0.00180692
4.81988 5.23781 0.226659 -0.00489789 -0.017411 0.0168615 4.935 6.64891 0.427683 -0.00671881 -0.00557511 0.0011852
4.82912 5.22822 0.195908 -0.00327181 -0.0221471 0.0181797 4.95284 6.63586 0.422216 0.00146339 0.00506058 0.00453512
4.80366 5.24931 0.221046 -0.002421 -0.0157817 0.0139609 4.93934 6.64743 0.392686 0.00386858 0.00221943 0.00201627
4.79797 5.25486 0.207912 -0.001582 -0.0176168 0.0127242 4.93018 6.65008 0.435195 -0.00152172 0.00344521 0.000612627
4.79731 5.2616 0.158038 0.00109274 -0.0252167 0.01167 4.9537 6.63876 0.396094 0.000293669 -0.00222332 0.00303786
4.7888 5.26359 0.19155 -0.000537621 -0.019703 0.0109697 4.92753 6.65221 0.416138 -0.000295274 0.00132444 -0.000502624
4.77416 5.28032 0.172827 -0.000397784 -0.0235026 0.00825181 4.92893 6.65187 0.417442 -0.0017285 -0.000590179 -0.00107565
4.76526 5.28629 0.218198 -0.00900412 -0.0236188 0.00636417 4.92954 6.65138 0.406696 0.000534561 0.000420604 -0.00071157
4.74093 5.31079 0.156143 0.000313053 -0.0262067 0.00179558 4.93551 6.64556 0.412114 -0.00101004 -0.000752617 -1.29455e-05
4.73193 5.32076 0.136803 0.00428906 -0.0256978 -0.000777399 4.94208 6.64122 0.411097 -0.00171915 -0.00183884 0.000722489
4.72497 5.3308 0.0942068 0.00429419 -0.0346941 -0.00250188 4.95188 6.63849 0.406675 0.00245911 0.00325714 0.00163301
4.74309 5.31235 0.15098 -0.0066309 -0.0349055 0.0008984 4.9541 6.63415 0.406997 -0.0017683 -0.00279514 0.00139929
4.77554 5.28041 0.13637 -0.0023734 -0.0333043 0.00734318 4.9564 6.63218 0.405471 -0.000953203 -0.00202691 0.00125096
4.76579 5.28798 0.189265 -0.000645016 -0.020177 0.00637139 4.94602 6.63729 0.387498 0.00295445 -0.000122987 8.77129e-05
4.75544 5.29376 0.199218 -0.00410341 -0.0218533 0.00476572 4.95049 6.63693 0.401477 0.00212887 0.00164061 0.0004167
4.75301 5.29422 0.219887 -0.00761048 -0.0214506 0.00421116 4.9532 6.63332 0.403332 -0.00026682 -0.00149236 0.000337285
4.75119 5.29613 0.217854 -0.00754549 -0.021797 0.00368917 4.96259 6.62445 0.416375 0.00293033 0.00566253 0.00237801
4.73884 5.30948 0.21204 -0.00543912 -0.0207558 0.00127045 4.94883 6.64143 0.386565 0.000604936 -0.00379188 -0.00116747
4.72416 5.31948 0.216192 -0.00617881 -0.0205533 -0.00102856 4.97336 6.61917 0.435025 -0.00302954 0.00120664 0.00271174
4.74216 5.30566 0.207006 -0.00947486 -0.0263292 0.00202793 4.96316 6.62958 0.416 -0.000156596 0.00136754 0.00075945
4.75113 5.30485 0.142638 0.00177742 -0.0274676 0.00258178 4.97138 6.62092 0.406826 -0.00424454 -0.0063937 0.00166358
4.72991 5.32103 0.133227 -0.00074971 -0.0321117 -0.0010009 4.9542 6.62845 0.425577 -0.00151967 0.00146373 -0.000403906
4.75423 5.30743 0.0743532 0.00943408 -0.0332042 0.0027878 4.9768 6.61379 0.40547 -0.00138655 -0.00258553 0.00222206
4.77034 5.29283 0.0833744 0.00401222 -0.0371893 0.00553799 4.98034 6.61423 0.425267 -0.000951405 0.00229933 0.00263622
4.80636 5.25487 0.163132 0.000809635 -0.0240898 0.0132979 4.9539 6.62586 0.426109 0.000106663 0.0038862 -0.000923745
4.80604 5.25362 0.174664 -0.00330938 -0.026233 0.0131611 4.97271 6.61783 0.386128 0.0024441 -0.00112944 0.0012143
4.81742 5.23788 0.210819 -0.00958468 -0.0256236 0.0157437 4.98319 6.612 0.392843 0.00124479 -0.0015121 0.00231219
4.83753 5.22448 0.186699 -0.00535833 -0.025957 0.0193246 4.97194 6.61603 0.435297 -0.00339378 0.000776071 0.000358855
4.81761 5.24039 0.199823 -0.00363255 -0.0212675 0.0158391 4.95637 6.63022 0.386077 0.00264045 -0.000921726 -0.00202665
4.83331 5.22209 0.202727 0.00163745 -0.0147874 0.019485 4.99384 6.60464 0.413292 0.00294875 0.00523503 0.00329814
4.80715 5.24876 0.166527 0.00247532 -0.0215221 0.0140221 4.97706 6.61832 0.391018 0.00396954 0.00206147 0.000271974
4.82102 5.24064 0.157214 0.00597055 -0.0195383 0.0166802 4.97722 6.61064 0.435871 -0.00603423 -0.00288531 0.000434376
4.79585 5.26003 0.196762 0.00165523 -0.0160348 0.012793 4.97399 6.61983 0.388963 0.00426544 0.00206776 -0.000548763
4.82564 5.23771 0.133605 0.0108231 -0.0192108 0.0171746 4.97917 6.61352 0.393381 0.00157606 -0.000882152 4.57121e-05
4.81917 5.24436 0.116536 0.00631268 -0.0278151 0.0157821 4.96209 6.62359 0.416833 -0.000517894 0.000989158 -0.0024749
4.82605 5.24241 0.0751365 0.0130016 -0.0291542 0.0165655 4.99963 6.59694 0.402922 0.000950247 0.000316452 0.00253521
4.82637 5.23979 0.0997198 0.00741587 -0.0302168 0.0166598 4.99065 6.60283 0.40863 -0.000945837 -0.00135408 0.00119454
4.84472 5.21887 0.193958 -0.00154027 -0.0205265 0.0208804 4.98169 6.6034 0.435183 -0.00243938 0.00212798 0.000103291
4.85413 5.21007 0.193674 -0.00512201 -0.0245541 0.022471 4.97735 6.60998 0.411485 -0.00105992 -0.000826571 -0.00113794
4.86483 5.19439 0.226641 -0.00584745 -0.0185119 0.0248506 5.00072 6.59935 0.378038 0.00401804 -0.000667658 0.00158097
4.87796 5.18601 0.245511 -0.00397626 -0.012302 0.0276111 5.00675 6.59233 0.413674 -0.00268759 -0.00280712 0.00229015
4.88878 5.17222 0.278489 -0.0116895 -0.0139147 0.030036 4.98288 6.60356 0.427953 -0.00157336 0.00189721 -0.00108217
4.88342 5.17719 0.270171 -0.0112276 -0.0151914 0.0290128 5.01054 6.58615 0.417317 -0.000273589 0.00146177 0.00290586
4.87678 5.18444 0.263372 -0.00832382 -0.0131929 0.02758 5.0069 6.59201 0.399308 0.000679892 -0.000861317 0.0016168
4.87608 5.18929 0.216994 -0.00160348 -0.0153556 0.0274282 4.99548 6.59648 0.43289 -0.00450365 -0.00137076 -0.000243024
4.876 5.1903 0.261299 0.000982587 -0.00296467 0.027733 4.97623 6.61152 0.396693 0.00361707 0.0026867 -0.00307295
