Box_xDev Box_yDev Box_zDev Box_RotxDev Box_RotyDev Box_RotzDev Pin_xDev Pin_yDev Pin_zDev Pin_RotxDev Pin_RotyDev Pin_RotzDev
4.70818 5.31075 0.331694 -0.0596644 0.436764 -0.0911326 4.6256 6.91954 0.316495 -0.0513597 -0.0394439 0.178312
4.70422 5.30878 0.33395 -0.0524213 0.420538 -0.0688873 4.62621 6.91607 0.317897 -0.0578047 -0.034445 0.181363
4.70478 5.31125 0.330637 -0.0726548 0.430894 -0.0796672 4.62621 6.9139 0.320991 -0.0650818 -0.0337987 0.150677
4.70193 5.31055 0.328108 -0.0719098 0.434708 -0.104288 4.62369 6.90952 0.326473 -0.0803432 -0.0307378 0.144436
4.70599 5.30879 0.330282 -0.070264 0.432809 -0.110578 4.61853 6.91202 0.329444 -0.0757069 -0.0132146 0.156616
4.70357 5.31039 0.330364 -0.0772011 0.424834 -0.105683 4.62111 6.91638 0.331037 -0.0623983 -0.0223801 0.14282
4.70336 5.3108 0.330371 -0.087117 0.437608 -0.100519 4.62403 6.91147 0.335464 -0.0713538 -0.0314395 0.140497
4.70599 5.31093 0.32995 -0.0981133 0.436966 -0.102522 4.61733 6.90466 0.336959 -0.0967317 -0.0144879 0.134238
4.70449 5.30975 0.333824 -0.0607482 0.433823 -0.0782986 4.61955 6.90457 0.339043 -0.0943945 -0.0287063 0.121281
4.70492 5.3094 0.330459 -0.094062 0.440459 -0.121315 4.61398 6.91105 0.339438 -0.0765559 -0.0151322 0.125217
4.70462 5.30973 0.332607 -0.0563356 0.421624 -0.0877791 4.61761 6.90861 0.340787 -0.0876542 -0.0155495 0.135586
4.70582 5.31276 0.331387 -0.0607761 0.422267 -0.0897243 4.62068 6.91224 0.341553 -0.0851199 -0.020363 0.13765
4.70603 5.31036 0.333136 -0.0640448 0.432772 -0.0804855 4.62163 6.90948 0.343003 -0.0882792 -0.0174154 0.139794
4.70415 5.31085 0.331249 -0.0665297 0.425921 -0.109409 4.61743 6.90423 0.342717 -0.101194 -0.0135078 0.144788
4.70411 5.31233 0.330599 -0.0698178 0.434691 -0.103025 4.61404 6.90402 0.344357 -0.0998242 -0.00812061 0.160132
4.70433 5.30864 0.331402 -0.11198 0.435212 -0.135346 4.61666 6.90638 0.346604 -0.0964091 -0.0157459 0.132388
4.70327 5.31096 0.329668 -0.130471 0.436746 -0.124536 4.61646 6.90611 0.348897 -0.0964515 -0.0119929 0.128092
4.70462 5.31153 0.329814 -0.120696 0.441213 -0.15272 4.61182 6.9035 0.350422 -0.10881 0.00221046 0.149966
4.70229 5.31094 0.329219 -0.137069 0.431125 -0.17977 4.61524 6.90152 0.353532 -0.113242 -0.00654951 0.134016
4.70417 5.31041 0.332797 -0.168409 0.412076 -0.19348 4.61547 6.90344 0.352071 -0.107644 -0.00606891 0.130097
4.7029 5.31006 0.331109 -0.146929 0.417079 -0.167083 4.6045 6.90956 0.351556 -0.080882 0.0212612 0.133484
4.70255 5.31189 0.331214 -0.1225 0.427232 -0.180293 4.60738 6.90744 0.354039 -0.0920808 0.0175052 0.135659
4.70279 5.30988 0.33194 -0.15014 0.434145 -0.187381 4.60889 6.90424 0.357702 -0.100043 0.0056698 0.117821
4.70398 5.30993 0.333479 -0.163186 0.439546 -0.198683 4.60622 6.90968 0.358051 -0.0842243 0.0112796 0.0982322
4.70595 5.31143 0.329502 -0.205344 0.424741 -0.230502 4.61145 6.90597 0.360935 -0.102099 -0.00441122 0.121242
4.70662 5.30875 0.3343 -0.185257 0.419848 -0.212391 4.61744 6.90632 0.362547 -0.105958 -0.0133716 0.130151
4.70674 5.30951 0.333453 -0.201309 0.421127 -0.2106 4.61037 6.90279 0.363524 -0.115357 0.00692007 0.117092
4.70441 5.31168 0.331769 -0.211337 0.422777 -0.226424 4.60053 6.90532 0.365442 -0.0990815 0.0341417 0.0947031
4.70498 5.3107 0.33 -0.211147 0.414528 -0.257952 4.60467 6.90873 0.368596 -0.0920225 0.0121644 0.0874837
4.70399 5.31326 0.330433 -0.203195 0.402777 -0.267327 4.61029 6.90644 0.370816 -0.0974353 -0.00825894 0.0904479
4.70335 5.31094 0.329778 -0.248935 0.416485 -0.276792 4.60676 6.9077 0.372665 -0.100399 -0.000718288 0.110911
4.70385 5.31181 0.328777 -0.271328 0.406475 -0.31022 4.61128 6.90448 0.374844 -0.108603 0.00341677 0.133673
4.70414 5.30946 0.334151 -0.249851 0.407371 -0.30584 4.60713 6.91404 0.37574 -0.0795601 0.0104206 0.139062
4.70586 5.3113 0.331139 -0.29446 0.398041 -0.354779 4.60987 6.91026 0.372948 -0.100699 0.00504433 0.16285
4.70437 5.31184 0.329266 -0.279971 0.39884 -0.341063 4.61632 6.90773 0.374198 -0.109722 -0.0038656 0.17461
4.70392 5.31009 0.333566 -0.261613 0.401164 -0.330123 4.61084 6.91143 0.37515 -0.0915817 0.00235748 0.167986
4.70625 5.31214 0.334722 -0.265891 0.406194 -0.324021 4.60939 6.9032 0.377545 -0.117981 0.0115609 0.178736
4.70869 5.31497 0.332022 -0.272598 0.422515 -0.321195 4.60655 6.90962 0.379368 -0.10016 0.021754 0.196519
4.70674 5.31278 0.333296 -0.294346 0.404029 -0.346306 4.61284 6.91355 0.37633 -0.0951719 -0.00286317 0.168932
4.70647 5.31133 0.332432 -0.341627 0.402578 -0.379111 4.60381 6.90957 0.375024 -0.0951372 0.024279 0.166016
4.70551 5.31298 0.333665 -0.337089 0.406388 -0.386917 4.61147 6.90619 0.375137 -0.102738 8.26688e-05 0.190441
4.70418 5.30944 0.334303 -0.320006 0.390496 -0.381133 4.60304 6.91341 0.37561 -0.0786602 0.0173146 0.174102
4.7052 5.31081 0.333148 -0.336345 0.394182 -0.39363 4.59679 6.90957 0.374547 -0.0924526 0.0412808 0.167729
4.70518 5.31261 0.329057 -0.323935 0.420743 -0.357827 4.60032 6.90419 0.375514 -0.102418 0.0285867 0.155318
4.70397 5.31321 0.332099 -0.33598 0.412994 -0.356175 4.60415 6.91072 0.375035 -0.0925243 0.0163928 0.139219
4.70306 5.31062 0.330957 -0.322553 0.393714 -0.357937 4.60041 6.91571 0.373602 -0.0738783 0.0267886 0.14348
4.70414 5.31271 0.331106 -0.315553 0.401939 -0.380422 4.60451 6.905 0.374199 -0.106499 0.0196144 0.15226
4.70543 5.31102 0.332708 -0.317475 0.404278 -0.365099 4.6079 6.90772 0.373592 -0.104317 0.0141384 0.183669
4.70598 5.31103 0.335757 -0.349174 0.406113 -0.367822 4.60672 6.9086 0.373979 -0.0986517 0.012793 0.170337
4.70736 5.30948 0.331228 -0.347396 0.404866 -0.390705 4.6085 6.90717 0.37457 -0.110497 0.00749929 0.184691
4.707 5.31237 0.332627 -0.331046 0.392545 -0.385184 4.60489 6.90528 0.375256 -0.106412 0.0191829 0.183071
4.70588 5.31102 0.331791 -0.362038 0.382897 -0.401212 4.60331 6.9053 0.372758 -0.113904 0.0325313 0.187538
4.70615 5.31213 0.332701 -0.36497 0.389779 -0.408002 4.60299 6.90586 0.372679 -0.106108 0.0365734 0.184418
4.70479 5.31184 0.328937 -0.342516 0.369589 -0.413284 4.60403 6.90748 0.376272 -0.104327 0.0255579 0.1784
4.70337 5.31063 0.331783 -0.375298 0.396967 -0.414543 4.60695 6.90299 0.37732 -0.118513 0.0114703 0.189154
4.70281 5.31055 0.331709 -0.35884 0.385411 -0.397293 4.60497 6.90175 0.376659 -0.118225 0.0193112 0.186592
4.70415 5.31058 0.332041 -0.342667 0.400924 -0.390881 4.60584 6.90528 0.37617 -0.108841 0.0206755 0.168907
4.70497 5.3125 0.332687 -0.340584 0.374718 -0.409801 4.60599 6.90106 0.376093 -0.11999 0.0154698 0.140265
4.70499 5.30941 0.332553 -0.332643 0.398317 -0.394439 4.61206 6.90834 0.373943 -0.104163 -0.0116967 0.163211
4.70524 5.30918 0.334097 -0.331751 0.386984 -0.382391 4.61422 6.90597 0.374125 -0.111339 0.000325808 0.162248
4.70567 5.30995 0.333376 -0.308554 0.385582 -0.352993 4.60912 6.90514 0.375425 -0.105506 0.00330962 0.162053
4.7042 5.31198 0.331683 -0.32997 0.396701 -0.376455 4.60924 6.90378 0.373649 -0.113741 0.00316847 0.173531
4.70537 5.31123 0.331714 -0.29844 0.397601 -0.350015 4.60219 6.90879 0.373269 -0.0917075 0.0301144 0.159726
4.7075 5.31325 0.332755 -0.300051 0.407975 -0.358749 4.60494 6.90733 0.374195 -0.0980204 0.0102229 0.161617
4.70749 5.31341 0.331917 -0.305014 0.403213 -0.36159 4.60637 6.90582 0.375832 -0.103965 0.00512943 0.155511
4.70737 5.31112 0.334175 -0.323721 0.398235 -0.368152 4.61432 6.90834 0.377608 -0.101375 -0.0128843 0.165403
4.7073 5.31019 0.334533 -0.314352 0.393484 -0.362331 4.61467 6.91213 0.377326 -0.0933049 -0.0160306 0.150848
4.70484 5.31234 0.333968 -0.321729 0.378616 -0.404464 4.61335 6.9125 0.378903 -0.0958512 -0.012379 0.158606
