Box_x Box_y Box_z Box_quat x Box_quat y Box_quat z Box_quat w Box_Rotx Box_Roty Box_Rotz Pin_x Pin_y Pin_z Pin_quat x Pin_quat y Pin_quat z Pin_quat w Pin_Rotx Pin_Roty Pin_Rotz
4.72495 5.3157 0.287517 0.00285301 -0.0128182 0.00949013 0.999873 0.00546381 -0.0256845 0.0189117 4.72804 6.82754 0.404728 -0.0250144 0.034769 0.0215754 0.99885 -0.0486108 0.0704788 0.0414793
4.7255 5.3156 0.287352 0.0077558 -0.0160553 0.0106433 0.999788 0.0151751 -0.0322637 0.0210443 4.72859 6.82901 0.404807 -0.0211245 0.0316079 0.0392046 0.998509 -0.0398012 0.0647321 0.0771963
4.72647 5.31559 0.293307 0.00210899 -0.00608355 0.0391794 0.999216 0.00373845 -0.012323 0.0783551 4.72489 6.82606 0.399206 -0.0141279 0.032379 0.0373399 0.998681 -0.0258586 0.0656797 0.0738919
4.72679 5.31801 0.296739 -0.0138313 -0.0235702 0.064169 0.99757 -0.030656 -0.0452357 0.129165 4.7249 6.82961 0.406468 -0.0172969 0.0269875 0.0453891 0.998458 -0.0321447 0.0554327 0.0899623
4.72468 5.31778 0.289919 -0.0051321 0.0152903 0.0876207 0.996031 -0.00754761 0.0313527 0.175366 4.7233 6.82834 0.398814 -0.0225029 0.0316734 0.039263 0.998477 -0.042552 0.0649709 0.0772183
4.72244 5.31631 0.288816 0.00452065 0.0023395 0.0987953 0.995102 0.00945939 0.00376226 0.197931 4.72502 6.82631 0.397031 -0.0141549 0.0237181 0.0292674 0.999194 -0.0269323 0.0482071 0.0579132
4.72416 5.316 0.290939 0.000410485 -0.0110795 0.0878443 0.996081 -0.00112902 -0.0221428 0.175933 4.72538 6.82444 0.391998 -0.00864198 0.0248016 0.00968145 0.999612 -0.0168178 0.0497299 0.018948
4.72686 5.31791 0.29379 0.00236013 -0.00891239 0.0938141 0.995558 0.00302748 -0.0181876 0.187877 4.72341 6.82487 0.411267 -0.00838667 0.0273008 0.0251136 0.999282 -0.015413 0.054955 0.0498231
4.72664 5.31732 0.286682 0.00768731 -0.00998845 0.0845498 0.996352 0.0136325 -0.0212025 0.169162 4.72479 6.82843 0.402608 -0.022609 0.0372884 0.0221616 0.998809 -0.0436483 0.0754175 0.0427121
4.72534 5.31713 0.287375 0.0046203 -0.0271774 0.115986 0.992882 0.00287474 -0.0550119 0.232494 4.72055 6.82796 0.407795 -0.0166057 0.0171524 0.0514166 0.998398 -0.0314185 0.0359487 0.102336
4.72424 5.31638 0.286502 -0.00299926 -0.0162674 0.124455 0.992102 -0.0100051 -0.031526 0.249737 4.72334 6.83175 0.410303 -0.0165083 0.0205526 0.0550441 0.998141 -0.030725 0.0428324 0.109516
4.72531 5.31885 0.290244 -0.00344325 -0.034977 0.136654 0.990011 -0.0164156 -0.0682609 0.274885 4.72632 6.82873 0.410119 -0.0229449 0.0326269 0.0536143 0.997771 -0.0423977 0.0675168 0.105926
4.72162 5.31495 0.290786 -0.00128787 -0.0108055 0.139256 0.990214 -0.00556127 -0.0210392 0.279481 4.72552 6.82765 0.417108 -0.00518293 0.0338485 0.0876048 0.995573 -0.00439931 0.0682516 0.175379
4.72232 5.31555 0.291102 -0.0121225 -0.0214083 0.13797 0.990147 -0.0299396 -0.0390396 0.277476 4.72658 6.82945 0.409254 -0.0159427 0.0300294 0.0814329 0.996105 -0.0269255 0.0623803 0.162291
4.72481 5.31829 0.289568 -0.000353857 -0.0148197 0.137941 0.990348 -0.00479148 -0.0292514 0.276847 4.72445 6.82887 0.410014 -0.0212106 0.0267578 0.0387004 0.998674 -0.040365 0.0550578 0.0763433
4.72406 5.31785 0.285482 0.00498663 -0.0148307 0.155085 0.987796 0.00525337 -0.0308409 0.311366 4.72826 6.82944 0.40931 -0.0186268 0.041256 0.0446281 0.997985 -0.03362 0.0839083 0.0879529
4.72512 5.31777 0.292146 -0.00488244 -0.013359 0.197735 0.980173 -0.0148588 -0.0242545 0.398295 4.72464 6.83074 0.411995 -0.0231624 0.0328541 0.0604881 0.997367 -0.0423382 0.0682828 0.119691
4.72466 5.32054 0.29338 -0.00972815 -0.0191891 0.195841 0.980422 -0.0266084 -0.0338093 0.39475 4.72423 6.82824 0.411796 -0.0134485 0.0298198 0.0807414 0.996206 -0.0220221 0.0615447 0.161056
